1 600
2 600
7 600
8 600
9 600
10 600
11 600
12 600
13 600
14 600
3 600
4 600
5 600
6 600
1 600
2 600
7 600
8 600
9 600
10 600
11 600
12 600
13 600
14 600
3 600
4 600
5 600
6 600
1 600
2 600
7 600
8 600
9 600
10 600
11 600
12 600
13 600
14 600
3 600
4 600
5 600
6 600
1 600
2 600
7 600
8 600
9 600
10 600
11 600
12 600
13 600
14 600
3 600
4 600
5 600
6 600
1 600
2 600
7 600
8 600
9 600
10 600
11 600
12 600
13 600
14 600
3 600
4 600
5 600
6 600
1 600
2 600
7 600
8 600
9 600
10 600
11 600
12 600
13 600
14 600
3 600
4 600
5 600
6 600
1 600
2 600
7 600
8 600
9 600
10 600
11 600
12 600
13 600
14 600
3 600
4 600
5 600
6 600
1 600
2 600
7 600
8 600
9 600
10 600
11 600
12 600
13 600
14 600
3 600
4 600
5 600
6 600
1 600
2 600
7 600
8 600
9 600
10 600
11 600
12 600
13 600
14 600
3 600
4 600
5 600
6 600
1 600
2 600
7 600
8 600
9 600
10 600
11 600
12 600
13 600
14 600
3 600
4 600
5 600
6 600
1 600
2 600
7 600
8 600
9 600
10 600
11 600
12 600
13 600
14 600
3 600
4 600
5 600
6 600
1 600
2 600
7 600
8 600
9 600
10 600
11 600
12 600
13 600
14 600
3 600
4 600
5 600
6 600
1 600
2 600
7 600
8 600
9 600
10 600
11 600
12 600
13 600
